N_1:    4.75155e+12
N_2:    4.72447e+12

hy = 0.315; 0.296 +- 0.03
hx = 0.349; 0.338 +- 0.04

f_rev = 11245 Hz

L = N_1*N_2*f_rev /(hx*hy)

hx*hy/(N_1*N_2) = f_rev/L

L_vdm = 2.291329699833424e+36 cm^-2 s^-1
L_current = 2.518978663746906e+36 +- 0.025495735476672e+36   cm^-2 s^-1
martino.gagliardi@cern.ch