N_1:    4.75155e+12
N_2:    4.72447e+12

hy = 3.154; 2.964 +- 0.030
hx = 3.493; 3.381 +- 0.037

f_rev = 11245 Hz

L = N_1*N_2*f_rev /(hx*hy)

L_vdm = 2.291329699833424e+36 cm^-2 s^-1
L_current = 2.518978663746906e+36 +- 0.025495735476672e+36   cm^-2 s^-1